0.002652785520822368
0.0011289546396784761
-0.0008407326480319395
-0.00276367829210128
-0.0041109447653683885
-0.0044613624994639285
-0.0036315043829288694
-0.0017541402689001413
0.0007223681197420731
0.003122993185752181
0.004709784599647098
0.0048851716076500325
0.0033846054323965124
0.00040477167428144595
-0.003376367252349994
-0.006908879439330138
-0.00899992193184229
-0.00862076044975429
-0.005224208699525742
0.001007293227015831
0.009056961535619832
0.01716189202348441
0.023104501384526948
0.024670913641949354
0.020196270831997532
0.009086336159429826
-0.0078044525424662906
-0.028041986077568526
-0.047791391302472425
-0.062310407813384414
-0.0666969667005581
-0.056772614240838924
-0.029944823678548765
0.014118459714553664
0.07314561775450071
0.14233999357591076
0.2148968790179227
0.2828943370509199
0.33842104994516814
0.37475541159859566
0.38739472380436457
0.37475541159859566
0.33842104994516814
0.2828943370509199
0.2148968790179227
0.14233999357591076
0.07314561775450071
0.014118459714553664
-0.029944823678548765
-0.056772614240838924
-0.0666969667005581
-0.062310407813384414
-0.047791391302472425
-0.028041986077568526
-0.0078044525424662906
0.009086336159429826
0.020196270831997532
0.024670913641949354
0.023104501384526948
0.01716189202348441
0.009056961535619832
0.001007293227015831
-0.005224208699525742
-0.00862076044975429
-0.00899992193184229
-0.006908879439330138
-0.003376367252349994
0.00040477167428144595
0.0033846054323965124
0.0048851716076500325
0.004709784599647098
0.003122993185752181
0.0007223681197420731
-0.0017541402689001413
-0.0036315043829288694
-0.0044613624994639285
-0.0041109447653683885
-0.00276367829210128
-0.0008407326480319395
0.0011289546396784761
0.002652785520822368
