0.030010543871903498
-0.009511075742935493
-0.046506469244379255
-0.04108263587442668
0.008172036517472963
0.053281049766551826
0.03828950701846804
-0.038196309787945595
-0.1018146962350467
-0.05910064840993807
0.10245997626924686
0.2613775772659723
0.22847722407072496
-0.08829053973020258
-0.5406564662406396
-0.7545322565955058
-0.33876106367729125
0.827484828090599
2.4310944722373384
3.8285039204400793
4.382535362629228
3.8285039204400793
2.4310944722373384
0.827484828090599
-0.33876106367729125
-0.7545322565955058
-0.5406564662406396
-0.08829053973020258
0.22847722407072496
0.2613775772659723
0.10245997626924686
-0.05910064840993807
-0.1018146962350467
-0.038196309787945595
0.03828950701846804
0.053281049766551826
0.008172036517472963
-0.04108263587442668
-0.046506469244379255
-0.009511075742935493
0.030010543871903498
