0.0037515856378901717
-0.0011889692939383305
-0.005813723431035167
-0.00513569588645362
0.0010215774483170342
0.006660606416501737
0.004786529868486135
-0.004774879383476215
-0.01272774508026017
-0.007388108149959264
0.012808410839569817
0.03267452829655614
0.028561690720014906
-0.011037104899771697
-0.06758688021245063
-0.09432326149272872
-0.0423481542551436
0.10344298356895473
0.30390849113996066
0.47859713518808045
0.5478560066809867
0.47859713518808045
0.30390849113996066
0.10344298356895473
-0.0423481542551436
-0.09432326149272872
-0.06758688021245063
-0.011037104899771697
0.028561690720014906
0.03267452829655614
0.012808410839569817
-0.007388108149959264
-0.01272774508026017
-0.004774879383476215
0.004786529868486135
0.006660606416501737
0.0010215774483170342
-0.00513569588645362
-0.005813723431035167
-0.0011889692939383305
0.0037515856378901717
